01001 1001111011.

Numerus romanus indicet caput Anthoiogiae‚ arabicus numerum epigrammatum. Quae 11110411 inclu-
duntur, auctores et epigrammate iudicent, querum nomina et 1011111101 in codicibus et libris vermium,
Pienudae inprimis, diverse rel ambigue adscribuntur. Quod attinet ed criticorum recentium conjectu-

101, ridenda omnino renotatio.

1124--

Α

[1111111100. 141, 18-16, 146. Vid. 1111111100]

uumerus. 111, 762.

Auernus. vn, 100.

eneces. 11,010,150.011,01,210, 140, 0000011000,
000, 544. 14, 20.

111111000111111111011. 11, 331111, 674. 114, [17],157,
007, [402] ·

,1310111100 111, 620. 114, 218, 756.

1116110111, 11, 000.

0001110. 111, 045.

01601101. 111, 255. 14, 110.

1010101. 14 , 120.

10110116. Ι, 0406. 11, 0, 4. 1, [1], 216, 218, 220, 222,
rmmmmmmmmmmm
mmmmmmmmmssmh
59, 72, 74, 76, 79, 00, [67], 167, [172] 111, 204, 205,
mummmmmwmmfflmmm
QOmfflmmfflQmm
mmmmmfflmffifflmwmm
64, 66, 60, 60141, 57, 64, 050, 052, 054,[957], 065,
072, 076, [077] 079, 002, [401, 402] 1411, 06, 41, 59,
110, 100, 144, 001, 001.

‚iere 11, 152.

110001 Massurius. 1, 1011, 218. 111, 1, 5, 50, 247,
412, 495. 114, 516, 510, 558. 141, 12, [50]. ,111, 20, 00,
64. 1411, 5, 7, 8, 180, 226.

1111101Μ111111101. 11, 187, [210] 111, 420, 506.

1111111011. 11, 182, 708. [111, 507.]1411, 172.

[111110. 11, 51.]

11111101. [11, 187]Ι 111, 287. 114, 00, 95, 07, 100, 101,

rmmmmmwme
1111111101. 114, 570, [574] 141, 10-10, [95], 97, 98,102,

ωμωψωωωμωωωω
·mwmmmmmmwmmmmmm,
400] 1111, 20. ··
1111011011. xl, 201.
1111011101.111,827. [141, 201.]
1110111011. 11, 104-145, 040. 111, 160, 226, 260. 114, 715.
716. 141, 47, 48. 14111, 4. [1411, 000]
1111111111. 141, 20.

1101011001. 111, 101.

Ι 1111100111. [111, 100111, 147.

1111001101. 111, 406.

incurrerem, 021.

1111001101. 141, 412, 422, [424].

1111111111.1,100. 11, 19, 109, 111, 115118, 174, 208,
209, 219, [220] 241, 249, 256, 270, 287, 291, 005. 111,
mmmmmmmmmmmmmmmm
067, 869, 000, 098, 402, 427, 464, 407,[470],498,’620,
607, 609, 640, 602, 705, 711, 710, 740. 111, 0, 20, [40],
mmmmmmstwwmmmffiu
266, 207, 002, 005, 809, 020, 408, 417, 418, 420, 541,
[ememmieeuusmcrmcaemcaeeree.v
141, 28, 24, 01, 07, 158, 210, 224,415. 1111, 911411, 75,
mmfflffimmmmmm

11111111510011101.11, 14, 15, 46, 47,90,125, 159, 160,
mmmmmcfflemmmmmm
04, 81, 146,161, 164, 165, 172, 216, 241, 246, 000,
050, 420420, 625, 745, 746. 111, 66, 201, 407, 600,
720-724, [720].11, 21411, 107, 176, [184. 208]

1111111111 1111111011011111. 1, 0, 00, 01. 11, 100,·120.
111, 10, 06, 168, 185, 216, 206, 286, 289, 400, 413,
400, 500, 501, 666. 114, 10, [25], 26, 77,02, 02, 00, [90,
mmmmmmmmmmmmmm

'mmmmwwwmmm

1111101111(11101110]. 11, 80. 114, 84, 245, 256, 409.
11, 100141, 168, 022040.

1111111111 1110110100111100. 114, 258.

mmmmmmmmmmmmme

257. VH, 141, 175, 170, 375, 373, 309, 322, 030, me, ¹

041. 111,Ι [10], 14, 20, 04, 35, 71, 75, 00, [125] 150170,
’ 102, 222, 242, 200, 277, 294, 290, 006, 010, 404, 410,
415, [409] 545, 549, 551. 14, 17.111,66.1411, 106, 147,
000, 004.

1111111110. 11, 207. 111, 006. 141,Ι 40. 111, 210

1111011101. vid. 11111101.

111011011101101.114. 102, [100]

erres. vl, 110, 150, 011. 011000] 100, 101, 100,
215, [202, 200], 486, 490, 492, 500, 640, 640, 724.
114, 144, 010, 014, 745. 1411, 228, 231, 201.

110111111101. XI, [046] 099, 421, [424].

11011011011.11,105, 206, 200111, 100, 200, 378, 080,
001, 641, 090, 701, 111. 11, 110, 140, 144, 257, 104,

m

 

