INDEX POETARUM.

9111111591. 91, 155. 911, 559119, 5, 5, 27.

91119111. 91, 294, 295, 297, 299, 994, 397. 911, 537

. 111, 31.

9111111151. 11, 459.

99111111. 91, 219. 911, 491.

9111111191. 19, 2. 91, 5, 99, 39, 92, 90, 92, 94, 99, 191-
194, 197,114, 299, 231, 299, 249, 247, 251, 259. 295.
mmmmmmmmmmmffl
ewmmewwafflQmmfflz
fflmwammffiffim
299, 299, 397, 911,419, 499, 543, 5911552, 5931, 575,
795, 799, 17421, 777, 779. 11, 33, 39, 179, 321, 947.
74111, I. 191, 25, 52, 91, 93, 194, 137,141, 177,193,
215, 249.

9111111191 Rex. 111, 257· (0).

991111591- 741, 441.

9111511, 419.

9911991191. 9, 4,]91, 13, 24, 25,45, [99], 197, 112, [119,
114],115,129,121,123, 124, 125, 131, 132, 995, 399.
91, 245, 349, 911, 222. 11, 412, 579. 1, 21, 193.
9999999Μ9ω9ω9

911151111191. 7491, 119.

9911911191. 11, 919.

9119511 1911119191. 174, 772.

91991119111, 117111 295 (1911

9119119111, 293.

“ 9191191. 911, 15.

14111911. 911, 394.

[9111911 (91915191). 1, 129,121.]

9159. 141424.

91111591. 11, 449.

91119. 9, 79-99. 91, 1, 43, 911,’[351, 99, 199, [217], 259,
259, 255, 255, 259, 959, 579111, 3, [59], 44, [45], 51,
595, 747, [7591 923, 925, [9271. 191, 13, 159, 151,
219, 249.

91115 99111591. 11, 959.

91119 191991. 11, 13, 749, 751. [191, 219]

991119. 9, 59. 11, 749. 741, 99.

9911111191. 741,127,125,139, 157, 191, 159.

9911119111911911. 11, 1, 79.

99111111191. 911, 297. 111, 91.

9911991911, 21911, 29, [547].

9911191191. 9,134, 193, 195, 194, 292, 299, 211, 213,
QOQwstmmfflmwmm
15919159, 119, 275.

9111111111. 191, 294.

91195115. 911, 941.

[9111191. 119, 5, 35, 55]

9191111591. 911, 314. 11, 577

9111155111. 911,745. ’

Q

0911195919. 9115191.
19911191 91111191. 191, 92,]

R

11111195.1,121. ·

591 ,

ωωωωω999ω5999991
mm

ffimssanAImmstanaamwssmu
MMMWWMQWWWMQ
QQQQQQM

S

511119511911191) 91, 159. 174, 419.

· 511195 s. 919191. 91, 1151911547]

511199. [91, 259,] 911, 499, 595.

51111911. 91111191 (1111111911. 91, 11, 179. 911, 223,1 ¹

meffifflffiffl·

5511911191. 111, 22, 232.

91591991. 11, 95, 2419391191, 214.

9111119. 911, 499. .

91111111. 91, 119, [114, 1151. vum, 22, 59, 199, 293,
mmmmm

9111911911.9,159, [1911. 91, 2, 59, 52, [144, 1451, 197,

'mwssfflmwffiffifflmwmm·
mfflmefflfflmfflmwmm
344, [945] 347, 949, 431, 442, 443, 495, 597515, 547,
577. 11, 11471, 799, 757, 7591, 195. 74111,11,14,19, ,
99999ῌ999999ω1
292.

59511111. 7419, 1.

5919191191. 1. 99, 123. 911, 579, 599. 11, 797.

9119111191. 191, 91.

9111111191. 919. 9115591.

5111111191 (9111119591. 11, 995.

911119. [11, 9.]11, 19, 21, 22, 117, 225. 111, 1·11,13,
99ηωωωψωωωω

51111191. 191, 75, 79, 257.

Τ

1111191 (9111919911. 911, 199.

11111191 91111991. 91, 91, 295. 911, 379. 11, 229.

1111119191. 91, 27, 357. 911, 444, 499, 727. IX, 959.
1, 15, 191, 32* (0), 221, 299.

nmmstfflmmwmmfflffmw
[559554] 11, 999, 432437, 599999. 1111, 3. 749, 21
mmm]

11959911191. 191, 34.

mmmnffimmmemffl
479, 517-529, 722, 792, 735. 171743. IIII. 5, 21.

191, 192.
1111919191. 91, 292. 911, 55911, 199.

, 71195911. [11, 119.] 74,113.

2111911. 11, 491.

111191 (11191) 111111911191. 911, 292. 11, 41.
11191111151911, 597, 539] 19,14, 95.
1111911111. 911, 559.

11191111 9111115191. 191, 979.
119111991911111595. 191, 315.
1155191911. 911, 15.
71191919199111191.

1111195111. 111, 92.

111111911119519151. 11, 2, 979, [3711.
Tuom-zos. ΧΙΙΙ, 91. [191, 11,]

 

