W

266, 271, 266, 261, 267, 296, 44661422, 791. 14, 19
Qwfflfflmmm

,11661661661116661611 141276.

14616161. 444, 667. 141199, 144146, 149, 226, 914.

1111666. 144, 497. 4414, 429.

¹ 11166661661414, 126.

11661161, 66, 69, 9614, 16, 99, 179-161, 192, 196,
267 141, 66, 146, 147, 166, 191,219, 214, 276, 696.
414, 19, 27, 64, 111, 999, 949, [946-947, 961, 964, 9671,
76914, 7, 6. 11, 61. 1414,94,164, 179.

61611116 1611166. 114, 91. 14,19.

111116616611, 199114, 441.

6166616666. 114, 66.

. 1411611111. 141, 9294.

6166111116 (14116661. 1, 16, 92, 69, 69, 192, 164, 196,
›mmmmwffimmmmmwm
mfflmmmmmwwmm
mmmmfflfflmmmmmmm
XVI, 244.

1111616. 14, 999, 996144, 467. [11, 77,]
1661661666. 144, 169, 479.

1116611116144, 476.

’ 11161166166.114,266, [4941.

6116116. 1444, 66, 124.

96616116661, 7, 64,66,146,466, 169, 166, 161, 162,
ιωωωψωωωωωωω
11, 966. 144, 11, [12], 146, 217,264, 666. 414, 99, 64,
762, [7621. 144, 46, 66, 76, 77, 166, 196, 169, 161-169,
mmnmwm

11111166. 141942.

1166161111166 1611616161166. xll, 96.

6111611666. 414, 496.

[111161666666. 144, 494 .]

1616116661. v, 429144, 69414, 29. 141, 29, 46, 66, 919,
924-926. 946, 961. 1444, 94.

Β

6166616666. 11, 69, 619. 14111, 26.

6111661666114611616114, 66. 41426427, [694],Χ14,96,
216, 219, 927.

4111611166 11161466. 14, 79 (N).

6116669661161). 1, 126. 144, 249, 972, 666, 991. 414, 96,
69, 296, 279, [2691269. 14, 162. xlm.

6661111161. 414, 116, [1191. 141, 27.

91111611. 144, 49, 967, 966, 996, 644, 671. lx, 229, 227,
[mmmmmmmfflmmmn
mmmmm&

11661661. 114, 246.

(1111116. 144, 292.

4111616161. Via. 6166161611.

9666161661, 6, 29, 446. 14, 121, 146166, 991, 919,
Μω6ηωΜΜωωωῃηω
116, [1161111 116, 111, 111, 411, 161, 111116, 111,
mmmmmmmmmfflm
11, 361.14Π,49, 64, 74, 79, 192, 448, 494, 499, 146·
6ω6ω1ῌωω1

INDEX POETARUM.

4111116. 1, 67. ·

91116116666 6.(11111661661. 141269. 11, 62.
6611616166. 144, 129,144. “
6116161161. 114, 469, 729, 721.

[6116111666. 1414, 27,]

(161161666666. 14 [6611116461. 114, 697, 696.

(1166161666. 4116616111. 1, 29, 46. 141, 2, 6, 6, 116, [119.
Qm

66166111661, 19, 29, 66414, 199, 446, 769, 764.

4166616661. 144, 1691441, 161.

[omum. 4411,191.]

0111161111, 266. 114, 666, 697. 141, 96-96, 46.

66166116161 11666166. 141, 16-17.

661611116666166661141, 19.

6611666161. vid. 4111666.

9661116. 1414, 114.

Omns 1116111666. 114, 926. 414, 19691, 497. X', 194.
11, 216.

91111661161, 166, 41914, 199,161,227, 229, 292, 242,
244, 266, 261, 946, 966. 144, 971, 976, 966, 491, 626,
&Qffimffimfflssffimm
294, 296, 299, 276, 269, 264, 291, 419, 429, 496, 491,
Μωωωωωωωωωμ
1411, 46, 61,199, 279.

6111161166. 414, 4, 99, [96, 46].

0111116666. 414, 969.

9111166114, 667. 114, 196, 629, 666, 699. 141, 6.

D

{mmmwmmmmffiQO

646, 641, 796. 1414, 1, 96.

4116116166. 144, 669.

nummus 11,69.144,266. 414, 699. 1414, 916.

411666111266114, 926.

9611611166. 414, 796, [7911.

9611161661. 114, 62.

1416661666. 1414, 169.

„mmmmm

1)166666(466166).141, 166. 414, 166. 1444, 96.

41166666 4416161161144, 999.

1116116161. 1, 122. 11, 249, 246, 946. 144, 96, 46, 74, 976
mmmmmmmmm

1116116666 6116616611, 219.

4116116166 1116611611. 141, 296.

9166616696116. 11, [22], 96, 166. 144, 966, 464. 114, 126
912, 666141, 49.

4116661166 4611666166. 111, 619.

4116661166 11611166. 114, [66, 67, 66, 67, 66, 91, 92], 96
&mmmwwmmffimmmnm
sswmfflmmm

1116611166. 1, 61, [62641. 14, 9. 141, [61], 76, 462, 699
716. [414, 62914, 96.] 144, 162. 1444, 166. ·

1116161666. 1, 969.

9166666666 1, 62-66, 196, 199. 14, 126, 226, 296
141, 91, 97, 76, 162, 166, 167, 176, 229, 961, [9621 467.Ι
419, 411, 496, 494, 469, 466, 464, 466, 767, 796
411946, 666, 794. 141, 196, 969. 4441, 14,97, 41169-
171.

 

