INDEX POETARUM.

1911111111. V, 105, 257, 959. 111, 179, 227, 291, 420, 175,
799111, 99111111, 159.

01111111. 111, 199.

1111111111. 111, [25], 20.

111111.111, 121.

Ε

11111111111111, 509,] 111, 559.

[9111111111. 111579]

1111111111. 111, [2501 25111051

1111111111111 911111111111. 1, 212, [219, 244, 2151, 277.
11, 77, 79. [111, 9011111, 444.

1111111. 11, 352. 111, 710, 712.

9111111111, 291, 255. 111, 95,174, 290, 958, 977,
991111, 299, 297, 558, 921. 1111, 242.

91111111. 111, 991.

nucum. 1111, 908.

1111111101. 11279111, 551.

5111111111. 111, 205.

1111111111. Χ, 107.

1111011111. 11, 811711, 508, 511. 111, 557.

1111111. 111, 122, 717, 718.11,19.1111,172.Χ11, 155, 150.

11111111 1111111111. 111, 75.

11111111 1111111111111111111115. 111, 251, 002.

1111111 5111111111. lx, 52.

9111111. 1111, 115, 155.

F

Fucens. 1111, 12.

111111115111111111). 1, 5. 11, 199, 195. 111, 290, [2911
152, 5511111, 45, 09,117.1111, 25-27. xvl, 211.

9111111 (1111111). 111, 97.
1111111. 1111, 171, 298.

G

(1111111111. 1111, 209.

1111111111(01. 1111111111, 17. 11, 154, 100, 991.
111, 71, 214, 215, 275, 951. 111,109.

(111191 (1131111117, 49.1111,·50.

(11111111. 1111, 152. .

9110111 (1111111111, 250. 11179111, 288, [110], 111,
1Μωωω1ωω

0111111111011111. [111, 79, 71,]111, 17, 18, 997.

Guneus. Vll, 295111, 941, 774, 775. 1111, 11, 1111, 111.

Gneo. 11, 124.

911111111111111111111. 1, 92. 1111, 1251.

Η

1111111111. 111,111111111.

1111111111 9111111. 111, 157.

1111111111, 151, 199. 11, 292. 111, 129, 414.

1111111011. 111, 188.

flmmwffimmmmmffim
11111, 12.

Emonam-[V 1221111455, 190.
1111111111. 111, 129.

1111111111. 111, 291, 992, 1151111209] .
1111111111. 111, 195.

11111011101. 111, 927. 1111, 11.

11111111111. [111, 77.] 1111, 170.

1111111111. 1111, 10 *(01

111111111111, 159.

1

11111111. 1, 109. XV, 29-91, 99.
151. 111, 19.

1111111. 1, 219, 251, 259.
1111111119111111111, 155, 250, 299, 592. 111, 91.
11111111 8111111111111. 1159111, 11.

J·

11111111. Vll, 555. 111, 525.
·- 11191111111111.

11111111 1111111111. 1, 298. 11, 12, 1920, 25, 25, 29,
20, 57, 99, [1551 111, 92, 99, 59, 59, 50, 70, 511,
mewwmmmmmffl
&mmmmmmmmmm
551, 551, 798, 799, 759, 771, 799-709. 1111, 97, 99,
107, 108, 119, 199, 157, 179, 191, 209, 925, 999.

1 11111111111111111119111111111111.111,191.111,907·959.

11111111 1111111111. 11, 955, 958. [111, 10911111, 115,]
111111. 111. 19111111. ,

- 91111111111111111111111.

- 1111111111.

L

[111. 11, 209.

11111111 (1111111). 111, 17, 291. 1111, 24.

11111111. 1111. (1111111111.

111Ρ11111ο1111. 111, 200-209, 214, 951, 579, 579, [580,
5911 111, 12. [111, 957 11(01]

11111111 (111111 11111111111111. 11, 921-929.111, 517-
ωωωωηωωωωω1
70, 187, 199,200, 219, [2111 1111, 20. 1111, 171.

111111119111111111. 1, 188, 209. 11,1,19, 95, 41,
110, 120, 129, [1901, 191, 154, 199, 200, 202, 201,
mmmmmmmmmmm
295, 995, 900, 902, 905, 909, 991, 955. 111, 19, 10,
mmmmmmmmmmm
295, 915, 108, 422, 140, 119, [4491, 152, 155,159,155,
172, 172 *, 478, 180, 509, 501, 505, 548, 552, 954557,
wmfflfflmwmmme
710111, 12, 21217990, 99, 105, 107, 170, 919,
mmmmfflwfflwfflmffi
xmmwfflmmmfflmwss
251, 905, 907.

Μω1ωψ1ω1ηω9ωο
11, [20], 511, 921, 590, 950, 551.1111,92,99, 97, ,
Μῃωωωωμ

11111111. 111, 717.

11111111. 1111911111.

1111111.1.1111111(9111111111 11, 191. 1111, 117.

 

