Μ

10111111. Vl, 17, 1101, 1041111, 303171, 741, 110, 307.
ι1011111111-01111111111011111
Μωοηωωπωωψ3
mmmfflmefflfflm

1100111101. V, 00. 111, 10017155, 571, 1573, 5741. 71, 111.
mmmwfflmmmfflffiwwm·
mmfflmmwmmmmw
171, 171, 11731, 174-173, 1031011100, 1071, 103-
ΜΜΜΜΜΜΜΜΜΜω
wwwwmwwmmmm

,mmmmeMMMQm

330, 3711, 330-333, 1334, 403, 4131.

1101111101. 171, 500.

Μ

mmwQOmmmmm
ummmmmnwwmmmmma
mmmmmffimmmmm‚
}1x}1x}⁸1²7’ 33, 53, 59, 61, 33, 333, 373, 374, ³75, 333.
1410111001110111. 01100101. V, 114, 117, 130, 133.

{fffflmmfflffimmmm
,0

14410101. 71111, 170.
0111001114. 1101111111.
1111001101101. 171, 10.

¹ 1111111101 501011111001. IX, 010, 017, 057, 000, 000. 1

1111101.

1111111011. 1,13, 13,]

11111101 1110101111101. 171, 190, 197.

1411111011. 111, 1. V, 111, 3, 57, 30, 130, 137, 133-141
ΜΜΜΜΜΜΜΜΜΜΜ
ffiwwmfflmfflmmmm
wammzmstmwffizmwmmfflspm
mmemaemmffimwQO
470, 470, 535. 171, 10, 331 30314531. 711, 113. 7111, 13·.
13, 33, 41, 47-43, 5154, 50, 57, 50, 00, 03, 00, 00, 70,

'mmmmwaQmemme
113, 114,117, 119, 111, 115-110,131, 133, 137, 141,
mffiwstfflmwfflfflfflfflm
1351, 153. 157. xvl, 134,113.

1411111011 Connus. 1111, 71. 711430.

1111111011 1101111011, 101.

11111011111. 171, 54, 55, 330.

1111011011. 7111103. 71111, 313.

01111000101. 171, 300, 71171111, 11-131, 110-140.

11101111. I, 111.

4110111001. 71111, 310.

1111111101. 1111, 405. 171, 50.

4111111011. 11, 9, 113115. 110. 104, 1031111, 54,
171, 101, 134, 111, 141, 400, 431. 171, 70, 314, 333.
XII, 130.

140110. 111, 119, 109.

1110101101.171,440. 7191, 100.

11001015011011.171, 117.

11011101 (14101101). 171, 103.

1110110101. 171. 39.

11111101. 111, 103, 154. 1111, 703. 111, 07.

INDEX POETARUM.

Ν

1111101. 171, 11101, 113, 304, 15301, 537.

11ιο1111101. 91, 115. Vll, 501. 71111, 19. 7111, 191.

1110111111. 1111435, 510171, 503 *- 111, 7, 1103, 170,.

1110110101. 1, 3340, 107, 301111. 31, 11351. 111, 110,
100, [5701. 171, 330, 570. 711, 1,17], 17, 13, 71, 73, 74,
ηῆωωψηωωψωωωω,
103, 170, 130, 141-143, 11441, 151, 151, 310331, 335.
400, 407, 415.

1110111101. 71111, 131

1110111111, 111, 117, 170. 111, 100171, 315, 504. 11, 330.
mmm

1110001101. 111, 314-310. 171, 53.

1100110001. Vll, 133.

111ιο0111011. lx, 53]

31101. I, 33. 7111, 147.

1101101. 74, 110.

11011111, 170.111,131,105,11731. 175,353, 351111414,
713. 171, 331, 004, 005.

1101111101. 7111, 10.

O

4111011101 171, 749.
Qmfflmmffimmmmmmmm
711, 31, 45.

Ρ

01111011. V, 71, 71, 157. VI, 00, 01, 0311113331.
007,010, 0014103171. 5, 313, 571, 113, 11341, 105177,
100103, 377-373, 393-335, 33110334011, 441, 404,
400, 407, 409, 15011, 501, 503, 500, 51315731, 773.
71, 131, 311, 34,44, 1451, 4003, 05, 71, 73, 75, 77331110,
mfflffifflmwwwfflmm
²QWQQfflwmmfflmm
340, 341, 13431, 343, 351, 353, 13541, 355, 357, 371, 373,
377, 370, 301, 303-307, 1410, 4301. XV, 10. 7111, 107.
131, 317. ,

3111111101. 1111101. 171, 57.

Ρ11011111. Vl, Ι117, 350. 111, 553.

1111111101. 111190* (0).

31111110. V, 33, 311111, 103, 104, 139, 11401. 171, 17, 43,
03, 113, 114, 3011341. 711, 4,,151, 05. 7111, 110, 111.

Ρ11111101.71111,10. Ι1 ’

310101511111111101. 1117, 119, 111, 115, 110, 130,
mmmmmmmmmmffl
mmmmmmmmmmffi
173,101,103, 100, 100,,190, 131, 133, 300, 301. 11154,

&wmmmmmfflmwssmfflm ζ

mmfflfflfflfflstmfflfflffl.
mmmmmmwfflfflfflmffi
MMAEQJQQQWMMQM
[Ρ111101. 71111, 130,]
Pmmstnmmmffmmstffimnmnw
171, 334.
3111011101. 111,171. 1111, 733. 171111, 1,11.
11111111. 111, 137, 437. ι

1

 

